20 20
0.5
0.16 0.1 0.3 0.27 0.17
0 0.187 0.324 0.229 0.06
1.5 1.4 1.3 1.2 1
0.01
0.005 0.01
2
0.05
0.04 0.02
0 0


20 20
0.5
0.16 0.1 0.3 0.27 0.17
0 0.187 0.324 0.229 0.06
1.8 1.68 1.56 1.44 1.2
0.001
0.0025 0.005
2
0.05
0.04 0.02


20 20
0.5
0.16 0.1 0.3 0.27 0.17
0 0.187 0.324 0.229 0.06
1.8 1.68 1.56 1.44 1.2
0.001
0.0025 0.005
2
0.05
0.04 0.01


30 30
0.4
0.16 0.1 0.3 0.27 0.17
0 0.187 0.324 0.229 0.06
1.8 1.68 1.56 1.44 1.2
0.001
0.0025 0.005
1.5
0.03
0.04 0.01


30 30
0.4
0.16 0.1 0.3 0.27 0.17
0 0.187 0.324 0.229 0.06
1.5 1.4 1 1 1
0.01
0.002 0.004
2
0.03
0.04 0.02